Sales
120.60377117947293
118.3906405066499
115.70401071280864
107.37679960590492
79.25880910803126
83.39562715477398
117.44047980342556
125.2340538639666
117.00161658208917
116.5758026907383
89.43540103677701
78.866122242639
90.07969636300305
84.43862612485057
102.23360517038408
117.99656207210586
102.9449679746113
99.13512821393125
76.36625594620637
75.4601135570667
120.15099318372101
119.14809741372596
126.21779633447176
100.74887423889793
92.47190456580363
88.47879952159406
79.99629171927351
111.17456260103913
117.32255044248024
124.5486537127367
110.90236690181545
118.36159057922174
89.15767830019298
82.8521951270145
117.5661084616912
113.04357776503498
131.4773040837939
99.24580870838861
88.480025168225
93.18433982934049
102.73704713960448
112.97741907563594
126.01860836393972
128.30070810093045
105.980366966589
96.48652049633914
88.5324166841283
107.84668052491645
116.62299608249776
111.46776655727172
136.47566167384818
118.8378409891769
98.83881950030357
101.17864420521177
109.50853041076373
124.42269130105205
122.62906980174958
132.065775144465
127.92437503045278
117.2865676976638
92.19321586142712
99.26502234224296
105.96961729290672
120.98225571624616
145.20623404999603
140.0972179252023
108.73409213371367
108.94336414187714
106.6610492824344
112.50484640999267
138.48135493521394
154.38441841379068
128.0996341714716
127.023706830734
74.63366104513646
113.18679099878722
121.74959156150267
133.80040229854805
141.8447374375629
110.50528233963898
111.10362831729589
106.32531472422826
121.66978332552715
117.61949561946128
130.62861669735184
137.8326361594395
141.45806958574573
118.5109352153449
99.3796638945173
113.94659413232239
125.69605021875493
150.32307955468943
137.75275257958828
130.9505038658241
113.22541951050302
91.96519337394346
113.6981994949114
129.25890437015047
142.61084113886218
144.35048910768722
121.99649483437442
114.86312473724806
105.0962746130739
104.63730095512665
126.95857145476855
148.52329206365977
167.48129637662095
139.81905730627403
123.56815879520634
109.70203754375683
95.39543841742926
130.22936674001323
147.00816251800148
175.17493541244542
138.0727464532212
125.93120523439163
112.02245592744296
104.81944711730118
143.8458105627324
155.84826766853578
160.3759106810999
132.8255584761621
138.86675184349355
100.27413991964953
124.29787535457604
156.24521559875902
140.34665101343836
148.72569083771867
144.83902359806294
121.72712911604737
100.70909315998792
121.0380110877106
125.64069912647527
156.9110154941739
147.11750271448528
161.26493092043847
120.8524296569238
114.91818923166942
130.41063043642387
125.87817002247355
156.3727674569402
171.3062495227245
131.61383144772788
132.45437808868627
122.66070925928739
132.0167639035771
127.74038300110931
142.81667890313315
165.37731455914616
152.5815874487493
135.03604492989876
125.4494403348498
119.32136489309609
144.35550400457726
160.87504669003977
154.9374616457904
170.1925627509418
139.1925225586347
111.99500019093044
134.6102251182963
134.2092272537705
167.73824491755408
175.59000853920514
145.25107137905394
146.01103156503734
129.95892135539881
138.18836755497995
164.84705070566025
159.33659464317788
158.389768028633
146.4858271893926
130.14224434601653
126.98317191496982
135.3023626262781
150.56910579549745
171.9853852166435
167.98022551406382
171.83938918029781
137.57685578636818
156.87895759808393
140.07059327883874
141.15369916111152
154.92770466874947
174.59800767079363
156.99249747854347
149.28650598274598
136.3327191010001
135.00870759769697
143.18041446766787
152.41123432557896
167.23121092076846
169.7141901981135
146.21051540620388
121.06603199122178
139.39188290585417
157.42460236871682
160.64420913350295
175.15668842397085
163.65536636241555
134.5629519096724
139.02437030490137
145.19099583410207
166.32501792625825
181.9438809389403
161.76582060802167
155.61810570188163
153.06608448314256
142.5074331336174
146.65670435655719
195.94489732412978
179.03784244859997
188.82124761247545
176.4594506590417
156.35272124719071
136.13995810116887
151.01899662150606
151.61240719528334
172.88382819734483
174.53503265545532
169.66125134104968
174.90847132394413
122.54307554473175
152.21498324339552
145.13657755183957
172.4557725299276
192.20125102649703
171.4083870612184
142.9075148009933
135.98576730112654
154.07143575207417
155.8831468696418
181.2627540067187
183.69054037893844
166.17266031728192
177.04748039661638
151.40107153998323
128.947109319228
166.9744332575839
174.40338038629173
193.68223225093953
166.68653333208985
156.38375201177095
152.0348310296846
159.77916405058227
155.03000296240896
179.59930959864315
182.33152271444447
170.00152531375707
177.10873575232822
152.95785227256658
140.4358494886076
178.13466342659157
206.08896085025629
199.3287053546424
163.26419490303087
156.53492954393153
163.50022357790016
147.89107129884692
175.31731516058255
194.53681633750003
181.65782495642716
179.78571792502976
130.88767379498015
142.51031259576794
154.36516136418012
160.3243659825494
205.03766576560002
178.54879281567855
177.90360354175525
166.53082989160907
169.089998822849
144.4552982893947
186.35691224682458
190.73896025955653
184.95819700788226
188.84816007443462
169.13709799755966
150.59817408367678
161.43501757416595
172.79521567973384
193.69488002494978
203.31766718664926
202.0103704163322
156.6914229766333
179.8537535249042
143.13919565211773
177.05357762107212
200.36595556036008
201.42935604186587
181.84628397975007
168.91143238440583
155.51648735483033
158.6895030009773
188.99052646471586
199.97601527824216
193.61341833498602
198.99235485536482
175.98872701982197
170.498194812885
172.80251591273222
174.12763230836137
192.72712693969865
209.9385272619022
198.02313567844425
174.62979279449067
165.46592438066028
181.2059533744577
178.42494545230136
205.7229880764454
202.36674160940743
191.6656979149147
187.7496541770814
174.46989096052977
178.48747769965644
199.3185243352795
202.38512960414997
213.131274769773
192.66291930432868
181.9266261051712
166.83737385004937
173.24541791265463
194.13838344118182
195.91596127856428
229.158694736755
187.62848997834348
168.46615337548678
181.64299005180365
182.11516212543347
196.35108828041186
212.30470012661849
210.03543117450803
190.63919700155847
183.28916200837764
165.21334112475887
185.87280944305826
190.5623932179454
199.6893499891272
208.8671174095242
205.6641321822514
178.81694782147693
165.6858312072927
180.48156114687723
196.40570966713167
204.7979671264184
209.29366969294773
205.77839393614778
171.89642685762075
161.7564743422685
172.78332374251045
193.7446493620013
214.89955145918637
230.68069184170375
213.9575677176679
186.700961896036
177.56402693008394
171.86554923173404
197.6170664422735
210.82696633708235
221.07739219866588
199.03173897320178
195.41688926116035
195.0046550622136
182.72631831662022
203.74239194626333
222.5380695664722
